40
o
23 S 1 0 16 94
15 S 2 0 50 22
2 S 3 2 60 64
6 B 4 0 73 37
22 S 5 1 36 30
2 B 6 0 70 68
33 S 7 1 43 30
13 B 8 2 85 38
33 C 7
1 B 9 0 85 28
9 S 10 2 25 96
22 B 11 2 68 35
4 B 12 2 88 9
24 B 13 2 55 100
12 B 14 2 69 40
12 S 15 0 95 40
35 S 16 2 79 68
1 C 9
12 S 17 2 2 81
6 S 18 0 90 45
19 S 19 0 32 18
35 B 20 1 68 57
17 B 21 0 66 7
8 B 22 2 30 4
19 B 23 0 9 16
20 B 24 0 24 19
1 C 9
4 C 12
33 S 25 2 65 25
23 B 26 2 66 60
16 S 27 2 38 29
35 C 20
18 S 28 2 38 36
33 C 25
11 B 29 0 77 5
3 S 30 2 39 7
0 S 31 1 29 89
9 B 32 2 97 25
23 B 33 2 91 100
12 C 14
26 B 34 2 43 65
37 B 35 0 5 49
11 C 29
23 S 36 2 41 23
31 S 37 0 2 62
10 S 38 2 21 37
4 B 39 0 66 9
16 B 40 2 25 38
22 C 5
12 C 15
11 B 41 1 34 95
20 B 42 1 82 100
36 B 43 0 14 69
30 S 44 2 67 85
20 S 45 2 77 43
16 S 46 0 57 80
18 C 28
12 B 47 0 37 11
22 C 11
33 B 48 1 56 20
39 B 49 2 40 12
20 C 24
18 B 50 1 23 70
36 S 51 0 85 93
12 C 15
0 C 31
18 C 28
9 B 52 0 37 33
35 C 20
9 B 53 2 51 56
20 S 54 2 85 94
24 S 55 1 55 27
19 S 56 1 3 7
24 S 57 0 69 29
29 S 58 0 59 99
36 B 59 1 49 4
13 S 60 2 91 55
7 B 61 2 30 1
6 B 62 2 50 91
23 S 63 0 98 54
12 B 64 0 53 97
15 C 2
36 B 65 2 22 61
24 C 57
x
