40
o
28 S 1 2 95 98
19 S 2 2 3 29
7 B 3 1 52 36
14 S 4 2 16 28
23 S 5 0 1 39
7 S 6 0 96 44
24 B 7 1 83 41
21 B 8 2 33 62
2 B 9 0 24 62
1 B 10 0 26 97
7 C 3
26 S 11 2 15 69
26 S 12 0 27 95
9 B 13 1 48 71
11 B 14 2 94 58
14 S 15 2 91 13
1 C 10
8 S 16 1 71 85
16 B 17 0 61 50
37 B 18 1 18 19
25 B 19 1 59 74
37 B 20 1 8 79
37 S 21 0 30 1
19 C 2
28 B 22 2 58 82
13 B 23 1 100 18
22 S 24 1 48 32
22 B 25 2 93 92
17 B 26 2 58 75
11 S 27 1 32 22
17 C 26
36 S 28 1 32 40
36 S 29 2 81 19
21 B 30 0 13 80
17 S 31 2 5 77
17 S 32 0 12 28
9 C 13
14 S 33 0 56 15
29 S 34 0 19 6
2 C 9
30 B 35 2 27 94
6 B 36 2 75 15
2 C 9
30 C 35
26 C 12
8 B 37 1 11 19
17 B 38 2 56 91
18 B 39 0 72 62
33 B 40 1 74 5
11 C 14
23 B 41 2 96 40
29 C 34
3 B 42 0 82 66
10 B 43 0 43 33
36 S 44 0 71 85
0 B 45 2 99 31
23 C 5
13 C 23
7 C 6
32 S 46 1 44 99
6 C 36
22 B 47 0 42 49
3 C 42
34 B 48 0 58 66
27 S 49 2 70 19
21 S 50 1 34 8
39 B 51 2 98 21
4 B 52 0 99 92
16 B 53 2 53 72
29 C 34
16 S 54 1 40 1
18 C 39
34 B 55 2 27 68
27 S 56 1 32 33
2 S 57 0 51 80
30 S 58 0 32 14
17 C 31
3 C 42
21 B 59 2 97 26
4 S 60 1 52 98
32 B 61 0 7 16
17 C 38
x
