40
o
2 S 1 0 77 55
17 S 2 0 33 83
21 B 3 1 61 83
11 S 4 1 86 31
30 B 5 0 77 17
20 B 6 0 29 40
5 B 7 2 61 19
22 B 8 0 56 89
2 B 9 1 58 98
27 B 10 2 72 52
10 B 11 1 53 32
7 B 12 2 58 67
32 S 13 2 36 69
37 S 14 1 75 46
3 S 15 1 83 22
13 S 16 1 35 22
12 S 17 1 53 51
22 C 8
26 B 18 0 91 64
11 C 4
19 S 19 0 81 88
16 S 20 2 71 53
25 S 21 2 18 62
3 S 22 2 1 7
38 B 23 0 90 33
39 S 24 2 39 70
4 B 25 2 15 66
34 B 26 2 84 40
9 S 27 0 22 94
30 C 5
28 B 28 2 14 34
38 B 29 2 56 94
28 C 28
23 S 30 0 59 78
20 B 31 0 62 91
3 S 32 2 55 76
4 S 33 2 60 20
9 S 34 0 39 52
16 S 35 2 34 44
24 S 36 1 76 67
11 C 4
9 B 37 2 32 3
16 C 35
32 S 38 2 63 26
13 B 39 0 19 42
20 B 40 1 49 6
30 B 41 2 99 61
2 S 42 1 81 42
22 S 43 1 27 84
29 S 44 2 24 39
37 C 14
20 C 40
31 B 45 1 22 68
29 C 44
15 S 46 1 89 55
26 C 18
30 C 41
23 S 47 0 95 50
19 C 19
22 S 48 1 16 50
35 B 49 0 12 35
13 C 39
13 C 16
34 B 50 2 40 60
23 S 51 2 13 70
25 S 52 0 100 35
19 C 19
13 S 53 2 88 3
37 B 54 1 11 6
37 C 14
12 C 17
3 C 15
18 B 55 0 46 83
27 B 56 0 90 87
34 C 50
12 S 57 2 22 21
0 B 58 0 55 24
37 C 54
32 C 38
x
