40
o
29 B 1 2 23 72
15 S 2 2 2 77
11 B 3 0 67 79
12 B 4 1 25 34
13 B 5 0 71 95
8 S 6 2 43 40
37 B 7 1 91 40
8 C 6
21 B 8 1 35 59
5 S 9 2 46 73
3 B 10 1 26 43
24 S 11 0 68 95
13 B 12 1 61 51
12 C 4
30 S 13 2 96 99
27 B 14 0 71 77
3 B 15 2 10 97
15 C 2
4 B 16 1 50 52
10 S 17 1 66 87
4 S 18 2 20 32
13 C 5
3 C 15
3 S 19 2 95 21
0 S 20 0 19 53
23 B 21 2 11 6
19 S 22 0 99 26
32 S 23 1 67 98
28 S 24 2 17 87
32 B 25 2 1 54
37 C 7
31 S 26 1 50 55
21 S 27 0 4 26
24 B 28 0 64 34
35 S 29 0 15 86
8 C 6
39 B 30 1 15 86
15 C 2
26 B 31 0 30 70
32 C 25
35 B 32 1 77 48
13 C 5
26 B 33 0 1 9
37 C 7
24 S 34 2 27 19
5 C 9
26 S 35 2 63 4
6 B 36 0 35 8
10 S 37 1 97 16
24 C 11
25 S 38 0 62 44
37 B 39 0 3 82
0 S 40 2 21 42
13 B 41 0 36 9
36 S 42 0 12 1
35 C 29
10 B 43 1 34 40
0 S 44 0 14 55
22 S 45 2 24 39
31 C 26
25 C 38
3 C 15
14 B 46 1 47 8
32 S 47 1 12 24
27 B 48 1 94 40
11 C 3
14 B 49 2 68 98
0 S 50 1 36 34
10 B 51 0 50 30
3 C 19
29 C 1
15 B 52 0 26 37
13 S 53 1 21 58
4 B 54 0 41 22
26 C 35
10 C 17
3 S 55 1 84 17
27 C 14
31 B 56 0 64 9
22 S 57 1 99 61
8 B 58 1 74 4
7 S 59 2 58 82
x
