40
o
23 B 1 2 45 43
0 S 2 1 56 48
13 S 3 0 72 14
38 S 4 1 85 56
21 S 5 2 72 24
0 C 2
38 C 4
38 S 6 1 61 27
14 S 7 1 66 49
21 S 8 1 64 1
32 S 9 0 34 59
36 S 10 2 69 32
9 B 11 1 47 75
21 B 12 0 68 91
6 B 13 0 100 6
0 S 14 1 33 49
21 B 15 1 70 98
9 B 16 0 40 19
30 B 17 2 81 43
34 S 18 0 44 1
30 S 19 1 89 21
30 C 19
14 S 20 1 92 64
0 S 21 2 39 43
34 C 18
20 B 22 1 3 46
24 S 23 1 26 58
15 B 24 1 49 97
26 B 25 2 50 52
32 S 26 0 55 49
32 S 27 0 58 89
20 B 28 1 6 15
22 B 29 2 70 37
15 B 30 2 54 100
36 B 31 0 43 59
10 S 32 0 3 56
27 B 33 1 82 40
38 C 6
21 C 12
25 S 34 1 77 70
1 S 35 2 37 28
26 C 25
20 C 28
26 B 36 1 68 78
6 B 37 1 94 38
26 S 38 0 13 97
14 C 20
34 B 39 0 3 9
30 C 17
10 B 40 1 77 35
9 S 41 2 36 32
31 B 42 0 98 1
14 S 43 0 70 29
16 B 44 1 26 83
33 S 45 2 24 50
30 C 17
26 B 46 2 30 3
8 S 47 0 77 64
6 S 48 2 95 60
36 B 49 2 72 10
38 B 50 2 40 91
35 S 51 2 82 27
10 S 52 2 79 65
19 B 53 0 45 35
9 B 54 1 6 58
16 S 55 1 73 66
35 B 56 2 33 50
27 S 57 2 59 2
22 C 29
38 S 58 2 97 34
38 B 59 2 70 8
19 B 60 1 2 14
7 S 61 2 30 36
12 B 62 0 13 8
33 B 63 2 14 29
16 B 64 2 11 100
1 B 65 1 96 91
9 C 11
8 B 66 0 27 96
13 B 67 0 65 58
33 B 68 1 2 46
6 S 69 2 48 96
26 B 70 0 61 41
2 B 71 2 49 96
x
