40
o
10 B 1 2 67 68
23 S 2 0 9 91
13 S 3 2 52 45
10 C 1
35 B 4 1 76 82
36 B 5 0 52 43
21 S 6 1 44 73
35 B 7 0 43 57
0 B 8 2 37 59
30 S 9 0 98 76
10 B 10 1 54 20
4 B 11 1 68 45
26 B 12 1 95 46
33 S 13 0 22 48
38 S 14 2 59 54
24 B 15 0 27 3
6 S 16 1 47 24
4 B 17 0 2 34
10 S 18 0 70 1
31 B 19 1 82 57
7 B 20 0 63 52
23 C 2
25 S 21 2 83 73
7 B 22 2 12 95
30 C 9
17 S 23 1 61 29
26 B 24 2 26 83
25 S 25 0 49 59
4 S 26 1 11 86
6 S 27 2 94 43
29 S 28 2 50 57
17 B 29 0 15 25
18 S 30 0 59 65
34 B 31 1 17 19
20 S 32 1 7 64
38 S 33 0 71 2
17 S 34 2 29 13
26 S 35 2 80 84
19 S 36 2 90 48
13 B 37 1 25 12
39 S 38 1 15 44
6 S 39 0 33 8
25 S 40 0 64 11
6 C 27
35 C 4
17 S 41 1 14 18
34 C 31
1 B 42 1 36 39
23 C 2
29 B 43 2 25 57
23 C 2
26 B 44 0 90 75
24 S 45 2 62 71
18 S 46 1 80 49
18 B 47 0 43 51
22 S 48 1 89 62
6 B 49 1 14 36
7 B 50 1 45 11
22 C 48
11 S 51 1 100 5
19 B 52 0 51 73
3 B 53 2 20 93
18 S 54 0 54 76
23 C 2
29 S 55 0 10 81
35 B 56 0 1 23
20 S 57 1 57 30
24 B 58 1 51 49
24 S 59 1 73 5
32 B 60 1 40 20
33 C 13
10 B 61 2 56 60
30 S 62 0 49 43
28 B 63 0 69 55
28 S 64 1 4 88
30 S 65 0 70 27
3 B 66 0 65 89
6 S 67 2 77 42
27 B 68 0 60 27
5 B 69 2 24 68
38 S 70 1 9 88
36 B 71 1 40 52
12 S 72 1 45 7
20 C 57
18 S 73 2 77 10
x
