40
o
27 B 1 0 39 59
21 B 2 2 21 75
18 S 3 2 63 40
0 S 4 2 47 65
37 B 5 1 49 84
6 B 6 0 22 60
23 B 7 1 43 44
15 S 8 0 63 87
17 B 9 2 25 18
6 S 10 2 67 94
19 S 11 0 58 36
6 S 12 2 3 18
36 B 13 0 93 75
3 B 14 0 95 4
26 S 15 1 35 40
14 S 16 1 94 19
2 S 17 1 5 14
27 B 18 2 57 2
6 C 10
14 C 16
5 S 19 0 81 3
32 S 20 0 58 4
26 B 21 1 51 28
12 S 22 2 41 58
24 B 23 0 12 49
17 C 9
21 C 2
22 B 24 2 55 40
25 B 25 0 28 5
34 B 26 0 47 91
0 B 27 0 24 43
30 S 28 0 20 50
12 C 22
8 S 29 1 88 83
22 B 30 2 7 38
7 S 31 0 10 47
30 S 32 0 26 52
37 B 33 1 59 86
4 S 34 0 65 87
12 B 35 2 77 33
7 C 31
37 S 36 0 72 93
34 C 26
38 B 37 1 48 74
17 C 9
32 B 38 0 79 3
0 S 39 2 45 27
21 B 40 1 99 69
37 S 41 2 72 91
7 S 42 2 88 87
39 B 43 1 37 25
26 C 21
18 S 44 2 85 74
3 C 14
22 B 45 0 62 69
22 C 45
2 S 46 0 72 18
38 S 47 1 88 18
14 B 48 1 71 73
7 C 31
10 S 49 1 93 83
33 S 50 1 48 53
14 B 51 2 92 87
18 S 52 2 29 89
3 B 53 2 35 38
24 B 54 0 97 56
7 S 55 1 98 51
3 S 56 1 39 51
15 C 8
35 S 57 0 96 89
39 C 43
37 S 58 1 3 66
10 S 59 1 89 59
17 S 60 2 96 41
8 B 61 1 42 76
21 B 62 2 30 45
38 S 63 2 17 11
19 C 11
12 S 64 2 81 75
20 S 65 2 72 100
39 C 43
1 B 66 2 55 18
9 B 67 2 29 88
15 S 68 0 55 67
9 B 69 2 30 97
38 S 70 1 9 88
0 S 71 2 16 79
17 C 60
x
