40
o
2 S 1 1 18 23
5 S 2 0 82 8
7 S 3 0 57 16
12 B 4 1 31 77
24 S 5 2 47 56
39 B 6 0 9 29
17 S 7 1 31 73
12 S 8 1 4 19
29 S 9 1 52 29
26 S 10 2 73 31
4 S 11 1 50 10
2 B 12 2 73 67
20 B 13 1 12 46
7 C 3
20 B 14 0 8 97
18 B 15 2 90 94
17 B 16 2 51 17
34 S 17 1 73 60
21 B 18 2 39 43
2 S 19 2 15 68
5 S 20 1 7 59
1 S 21 0 92 89
39 B 22 0 52 91
6 S 23 2 86 15
18 S 24 2 97 19
17 C 16
24 S 25 0 8 36
26 B 26 2 6 49
13 B 27 0 40 40
36 S 28 0 92 65
6 B 29 1 41 16
1 S 30 1 90 70
19 B 31 1 97 95
14 S 32 0 6 39
15 B 33 2 70 77
17 C 16
39 C 6
18 B 34 2 80 3
9 B 35 1 47 73
7 C 3
16 B 36 2 38 69
16 S 37 1 97 22
26 S 38 1 78 76
5 C 2
12 C 4
12 S 39 0 77 62
6 B 40 1 24 95
30 B 41 1 19 63
36 S 42 0 64 21
22 B 43 0 5 84
30 C 41
2 C 19
31 S 44 1 67 44
6 S 45 0 99 38
30 C 41
16 B 46 0 79 56
29 S 47 0 37 65
37 B 48 2 10 55
34 B 49 0 11 91
30 S 50 1 8 72
39 B 51 0 90 94
24 S 52 0 52 48
23 B 53 1 2 93
19 C 31
6 C 29
29 B 54 0 50 56
21 C 18
23 B 55 0 89 8
11 S 56 0 20 72
32 B 57 0 97 31
7 C 3
22 S 58 0 4 90
36 S 59 1 98 95
16 S 60 2 100 57
17 C 16
2 S 61 0 75 78
21 B 62 0 1 67
x
