40
o
36 B 1 2 50 1
20 B 2 2 87 31
6 S 3 1 15 52
1 S 4 1 65 91
14 B 5 2 73 63
7 S 6 2 26 22
16 S 7 0 93 25
35 S 8 1 28 21
4 S 9 0 89 100
0 S 10 1 53 33
5 S 11 2 52 99
27 S 12 1 92 35
16 S 13 0 97 27
3 S 14 0 27 96
36 B 15 2 13 93
3 C 14
12 B 16 2 66 8
37 S 17 2 76 24
31 B 18 2 96 73
32 B 19 0 6 97
35 C 8
39 B 20 0 68 61
1 S 21 2 42 39
37 C 17
6 C 3
14 B 22 0 57 29
5 C 11
2 S 23 1 78 47
30 S 24 2 84 94
27 C 12
26 S 25 2 50 19
31 C 18
36 B 26 0 16 69
29 S 27 0 57 57
14 B 28 0 51 98
36 S 29 0 12 27
8 B 30 1 4 78
33 S 31 2 12 99
1 B 32 2 19 43
14 S 33 2 54 24
23 B 34 1 19 70
26 S 35 2 65 6
4 C 9
7 S 36 0 65 65
16 C 13
1 B 37 1 96 53
37 B 38 2 61 21
16 B 39 2 83 26
28 S 40 1 13 71
3 C 14
16 C 39
1 S 41 0 55 100
13 S 42 2 12 6
28 C 40
29 S 43 2 74 30
18 B 44 1 92 86
17 S 45 0 91 100
8 S 46 1 72 35
28 C 40
1 S 47 2 93 71
0 B 48 0 10 48
26 C 35
3 C 14
27 C 12
32 B 49 0 64 33
7 C 36
6 S 50 1 91 15
1 S 51 1 31 76
35 B 52 2 32 81
14 B 53 2 43 5
3 C 14
16 C 7
37 C 38
38 S 54 1 25 8
1 C 37
21 B 55 1 93 50
28 B 56 2 23 73
30 S 57 1 46 67
33 S 58 2 71 59
38 B 59 1 25 40
32 C 49
x
