40
o
32 B 1 1 43 7
35 B 2 2 9 90
18 S 3 0 17 65
15 S 4 1 8 77
19 B 5 0 12 76
15 S 6 2 87 57
12 S 7 2 87 58
35 S 8 2 73 50
32 B 9 1 41 19
37 S 10 1 5 16
0 B 11 2 94 48
21 S 12 1 88 42
17 B 13 0 2 31
8 B 14 2 81 23
39 B 15 0 65 4
17 B 16 0 71 48
22 S 17 2 73 86
37 S 18 0 80 62
21 B 19 1 58 11
39 B 20 1 83 79
8 S 21 0 26 58
27 S 22 1 32 70
19 S 23 1 91 66
11 B 24 2 9 63
0 C 11
11 C 24
0 C 11
26 S 25 1 96 36
11 C 24
9 B 26 0 1 17
12 S 27 0 91 43
27 S 28 1 14 80
20 S 29 0 39 25
29 B 30 2 82 5
19 S 31 1 80 8
9 C 26
3 S 32 2 76 55
4 S 33 1 54 99
20 B 34 2 60 79
13 S 35 0 46 85
4 C 33
8 S 36 1 90 92
26 C 25
39 C 20
39 S 37 2 98 10
26 B 38 2 84 34
15 C 4
17 S 39 2 28 3
31 B 40 1 10 26
18 C 3
2 S 41 1 46 67
33 S 42 0 70 16
32 C 1
5 B 43 1 91 71
32 C 1
32 S 44 0 58 96
21 B 45 2 19 23
8 S 46 0 90 20
31 B 47 0 16 28
29 S 48 0 20 84
2 C 41
8 B 49 0 24 23
39 C 37
5 S 50 0 67 65
37 S 51 1 53 84
37 C 51
10 S 52 1 34 69
31 C 47
4 C 33
17 B 53 1 80 34
28 B 54 1 85 83
35 B 55 0 92 89
37 S 56 2 31 59
37 S 57 0 61 90
22 B 58 1 1 14
31 B 59 1 13 77
33 B 60 2 45 57
11 C 24
9 S 61 0 20 99
16 S 62 2 99 7
16 B 63 2 83 62
x
